kinematics:
  shoulder:
    x: 0
    y: 0
    z: 0.1626295756380534
    roll: -0
    pitch: 0
    yaw: 1.969933668384549e-05
  upper_arm:
    x: -3.413074790722222e-05
    y: 0
    z: 0
    roll: 1.570016073431258
    pitch: 0
    yaw: 3.124381442188215e-05
  forearm:
    x: -0.4252509561184845
    y: 0
    z: 0
    roll: 3.141327912955879
    pitch: 3.141040704748785
    yaw: -3.104252082289484
  wrist_1:
    x: -0.3922685290596098
    y: -0.0005014244478493389
    z: 0.133438182834038
    roll: 0.003757710702399783
    pitch: -0.0003572380041479283
    yaw: 0.003569648385756133
  wrist_2:
    x: 0.0001431503502017681
    y: -0.09966611014412317
    z: -7.789494560421327e-06
    roll: 1.570874482694964
    pitch: 0
    yaw: 4.485408697310623e-07
  wrist_3:
    x: 3.082536844710822e-05
    y: 0.09956099523210188
    z: -1.523370266336512e-05
    roll: 1.570643318053783
    pitch: 3.141592653589793
    yaw: -3.141592393635845
  hash: calib_1205968035731588780
